6
25
0 "Volkswagen Jetta 2025 - 158 cv" "158"
1 "Volkswagen Passat 2025 - 220 cv" "220"
2 "Volkswagen Voyage 2025 - 104 cv" "104"
3 "Volkswagen Nivus GTS 2025 - 150 cv" "150"
4 "Volkswagen Golf R 2025 - 328 cv" "328"
5 "Nissan GT-R T-spec 2024 - 600 cv" "600"
6 "Nissan Silvia S15 2002 - 250 cv" "250"
7 "Nissan Z NISMO 2025 - 420 cv" "420"
8 "Nissan Sentra 2025 - 149 cv" "149"
9 "Nissan Versa 2025 - 122 cv" "122"
10 "Chevrolet Onix 2025 - 116 cv" "116"
11 "Chevrolet Cruze 2025 - 153 cv" "153"
12 "Chevrolet Camaro Z/28 2025 - 650 cv" "650"
13 "Chevrolet Tracker 2025 - 137 cv" "137"
14 "Chevrolet Silverado 1500 2025 - 310 cv" "310"
15 "Honda Civic 2025 - 158 cv" "158"
16 "Honda Civic Type R 2025 - 320 cv" "320"
17 "Honda NSX Type S 2022 - 600 cv" "600"
18 "Honda Accord 2025 - 192 cv" "192"
19 "Honda City 2025 - 121 cv" "121"
20 "Ford Mustang 2025 - 450 cv" "450"
21 "Ford Focus 2025 - 160 cv" "160"
22 "Ford Fusion 2025 - 175 cv" "175"
23 "Ford Maverick 2025 - 250 cv" "250"
24 "Ford Ka 2021 - 85 cv" "85"
303
0 2 54
0 3 8
0 8 9
0 9 36
0 10 42
0 11 5
0 13 21
0 15 0
0 19 37
0 24 73
1 0 62
1 2 116
1 3 70
1 8 71
1 9 98
1 10 104
1 11 67
1 13 83
1 15 62
1 18 28
1 19 99
1 21 60
1 22 45
1 24 135
2 24 19
3 2 46
3 8 1
3 9 28
3 10 34
3 13 13
3 19 29
3 24 65
4 0 170
4 1 108
4 2 224
4 3 178
4 6 78
4 8 179
4 9 206
4 10 212
4 11 175
4 13 191
4 14 18
4 15 170
4 16 8
4 18 136
4 19 207
4 21 168
4 22 153
4 23 78
4 24 243
5 0 442
5 1 380
5 2 496
5 3 450
5 4 272
5 6 350
5 7 180
5 8 451
5 9 478
5 10 484
5 11 447
5 13 463
5 14 290
5 15 442
5 16 280
5 17 0
5 18 408
5 19 479
5 20 150
5 21 440
5 22 425
5 23 350
5 24 515
6 0 92
6 1 30
6 2 146
6 3 100
6 8 101
6 9 128
6 10 134
6 11 97
6 13 113
6 15 92
6 18 58
6 19 129
6 21 90
6 22 75
6 23 0
6 24 165
7 0 262
7 1 200
7 2 316
7 3 270
7 4 92
7 6 170
7 8 271
7 9 298
7 10 304
7 11 267
7 13 283
7 14 110
7 15 262
7 16 100
7 18 228
7 19 299
7 21 260
7 22 245
7 23 170
7 24 335
8 2 45
8 9 27
8 10 33
8 13 12
8 19 28
8 24 64
9 2 18
9 10 6
9 19 1
9 24 37
10 2 12
10 24 31
11 2 49
11 3 3
11 8 4
11 9 31
11 10 37
11 13 16
11 19 32
11 24 68
12 0 492
12 1 430
12 2 546
12 3 500
12 4 322
12 5 50
12 6 400
12 7 230
12 8 501
12 9 528
12 10 534
12 11 497
12 13 513
12 14 340
12 15 492
12 16 330
12 17 50
12 18 458
12 19 529
12 20 200
12 21 490
12 22 475
12 23 400
12 24 565
13 2 33
13 9 15
13 10 21
13 19 16
13 24 52
14 0 152
14 1 90
14 2 206
14 3 160
14 6 60
14 8 161
14 9 188
14 10 194
14 11 157
14 13 173
14 15 152
14 18 118
14 19 189
14 21 150
14 22 135
14 23 60
14 24 225
15 0 0
15 2 54
15 3 8
15 8 9
15 9 36
15 10 42
15 11 5
15 13 21
15 19 37
15 24 73
16 0 162
16 1 100
16 2 216
16 3 170
16 6 70
16 8 171
16 9 198
16 10 204
16 11 167
16 13 183
16 14 10
16 15 162
16 18 128
16 19 199
16 21 160
16 22 145
16 23 70
16 24 235
17 0 442
17 1 380
17 2 496
17 3 450
17 4 272
17 5 0
17 6 350
17 7 180
17 8 451
17 9 478
17 10 484
17 11 447
17 13 463
17 14 290
17 15 442
17 16 280
17 18 408
17 19 479
17 20 150
17 21 440
17 22 425
17 23 350
17 24 515
18 0 34
18 2 88
18 3 42
18 8 43
18 9 70
18 10 76
18 11 39
18 13 55
18 15 34
18 19 71
18 21 32
18 22 17
18 24 107
19 2 17
19 10 5
19 24 36
20 0 292
20 1 230
20 2 346
20 3 300
20 4 122
20 6 200
20 7 30
20 8 301
20 9 328
20 10 334
20 11 297
20 13 313
20 14 140
20 15 292
20 16 130
20 18 258
20 19 329
20 21 290
20 22 275
20 23 200
20 24 365
21 0 2
21 2 56
21 3 10
21 8 11
21 9 38
21 10 44
21 11 7
21 13 23
21 15 2
21 19 39
21 24 75
22 0 17
22 2 71
22 3 25
22 8 26
22 9 53
22 10 59
22 11 22
22 13 38
22 15 17
22 19 54
22 21 15
22 24 90
23 0 92
23 1 30
23 2 146
23 3 100
23 6 0
23 8 101
23 9 128
23 10 134
23 11 97
23 13 113
23 15 92
23 18 58
23 19 129
23 21 90
23 22 75
23 24 165